Asociatia de Proprietari Aleea Mizil Nr. 57
Apă rece: 9,92 Lei / mc
Aleea Mizil Nr. 57 Sect. 3 BUCUREŞTI
Cod fiscal: 41419350
Cont curent: RO86INGB0000999909534657 Banca: ING BANK
Lista de plată pe luna Februarie 2024
Bloc Mizil 57, Scara C2/1
Data afişării: 8 Aprilie 2024
Data scadentă: 30 Aprilie 2024
Cheltuieli pe index contoare
individuale
Nr. ap.
Nr. pers.
Cota parte
Apă rece
Consum
AR (mc)
Diferente
AR (mc)
Apă meteorică
Energie
electrică
Salarii
Diverse
Total lună
Fond de
reparaţii
Fond Parcare
Restanţă
întreţinere
Restanţă
fonduri
Restanţă
penalizare
Penalizări
Total de plată
Nr. apart
1
2,00
2,20
35,92
3,00
0,62
0,48
1,36
48,28
5,76
91,80
0,00
10,00
160,49
20,00
3,15
1,05
286,49
1
2
1,00
1,61
62,58
6,00
0,31
0,36
0,68
35,33
5,18
104,13
0,00
0,00
0,00
0,00
0,00
0,00
104,13
2
3
1,00
3,00
22,92
2,00
0,31
0,66
0,68
65,85
7,87
97,98
0,00
10,00
254,25
10,00
2,74
0,00
374,97
3
4
3,00
3,00
98,50
9,00
0,93
0,66
2,03
65,85
7,87
174,91
0,00
20,00
0,00
0,00
0,00
0,00
194,91
4
5
1,00
2,98
42,75
4,00
0,31
0,66
0,68
65,41
7,82
117,32
0,00
10,00
- 2 833,61
0,00
0,00
0,00
- 2 706,29
5
6
2,00
3,06
85,49
8,00
0,62
0,68
1,36
67,16
10,14
164,83
0,00
10,00
0,00
0,00
0,00
0,00
174,83
6
7
0,00
3,00
0,00
0,00
0,00
0,66
0,00
65,85
8,97
75,48
0,00
0,00
0,00
0,00
0,00
0,00
75,48
7
8
1,00
2,98
62,58
6,00
0,31
0,66
0,68
65,41
9,57
138,90
0,00
10,00
0,00
0,00
0,00
0,00
148,90
8
9
2,00
3,06
45,83
4,00
0,62
0,68
1,36
67,16
9,41
124,44
0,00
10,00
0,00
0,00
0,00
0,00
134,44
9
10
1,00
3,06
3,09
0,00
0,31
0,68
0,68
67,16
8,02
79,63
0,00
0,00
69,59
0,00
0,00
0,00
149,22
10
11
2,00
1,61
55,75
5,00
0,62
0,36
1,36
35,33
4,22
97,02
0,00
10,00
0,00
0,00
0,00
0,00
107,02
11
12
2,00
3,06
75,58
7,00
0,62
0,68
1,36
67,16
8,02
152,80
0,00
0,00
0,00
0,00
0,00
0,00
152,80
12
18,00
32,62
590,99
54,00
5,60
7,22
12,23
715,95
92,85
1 419,24
0,00
90,00
- 2 349,28
30,00
5,89
1,05
- 803,10
Preşedinte: Cionoiu Stefan Daniel
Administrator: Real Administrare Imobile SRL
